function A = J_CR3BP(x, mu)
%J_CR3BP
%    A = J_CR3BP(MU,X1,X2,X3)

%    This function was generated by the Symbolic Math Toolbox version 9.0.
%    18-Oct-2022 18:05:34

% Input Handling
x1 = x(1);
x2 = x(2);
x3 = x(3);


t2 = mu+x1;
t3 = mu.*2.0;
t4 = x1.*2.0;
t5 = x2.^2;
t6 = x3.^2;
t7 = mu-1.0;
t8 = t2-1.0;
t9 = t2.^2;
t10 = t2.*2.0;
t11 = t8.^2;
t12 = t8.*2.0;
t13 = t5+t6+t9;
t14 = t5+t6+t11;
t15 = 1.0./t13.^(3.0./2.0);
t16 = 1.0./t13.^(5.0./2.0);
t17 = 1.0./t14.^(3.0./2.0);
t18 = 1.0./t14.^(5.0./2.0);
t20 = t7.*t15;
t23 = t7.*t16.*x2.*x3.*3.0;
t25 = t2.*t7.*t16.*x2.*3.0;
t26 = t2.*t7.*t16.*x3.*3.0;
t19 = mu.*t17;
t22 = mu.*t18.*x2.*x3.*3.0;
t24 = -t23;
t27 = mu.*t8.*t18.*x2.*3.0;
t28 = mu.*t8.*t18.*x3.*3.0;
t29 = -t25;
t30 = -t26;
t21 = -t19;
t31 = t22+t24;
t32 = t27+t29;
t33 = t28+t30;
A = reshape([0.0,0.0,0.0,t20+t21+mu.*t11.*t18.*3.0-t7.*t9.*t16.*3.0+1.0,t32,t33,0.0,0.0,0.0,t32,t20+t21+mu.*t5.*t18.*3.0-t5.*t7.*t16.*3.0+1.0,t31,0.0,0.0,0.0,t33,t31,t20+t21+mu.*t6.*t18.*3.0-t6.*t7.*t16.*3.0,1.0,0.0,0.0,0.0,-2.0,0.0,0.0,1.0,0.0,2.0,0.0,0.0,0.0,0.0,1.0,0.0,0.0,0.0],[6,6]);
