function A = J_CR3BP_planar(x)
%J_CR3BP_planar
%    A = J_CR3BP_planar(X1,X2)

%    This function was generated by the Symbolic Math Toolbox version 9.0.
%    09-Oct-2022 18:36:55
x1 = x(1);
x2 = x(2);

t2 = x1.*2.0;
t3 = x2.^2;
t4 = x1+3.0./2.5e+2;
t7 = x1-2.47e+2./2.5e+2;
t5 = t2+3.0./1.25e+2;
t6 = t4.^2;
t8 = t2-2.47e+2./1.25e+2;
t9 = t7.^2;
t10 = t3+t6;
t11 = t3+t9;
t12 = 1.0./t10.^(3.0./2.0);
t13 = 1.0./t10.^(5.0./2.0);
t14 = 1.0./t11.^(3.0./2.0);
t15 = 1.0./t11.^(5.0./2.0);
t16 = t12.*(2.47e+2./2.5e+2);
t18 = t14.*(3.0./2.5e+2);
t20 = t5.*t13.*x2.*(7.41e+2./5.0e+2);
t21 = t8.*t15.*x2.*(9.0./5.0e+2);
t17 = -t16;
t19 = -t18;
t22 = t20+t21;
A = reshape([0.0,0.0,t17+t19+t5.^2.*t13.*(7.41e+2./1.0e+3)+t8.^2.*t15.*(9.0./1.0e+3)+1.0,t22,0.0,0.0,t22,t17+t19+t3.*t13.*(7.41e+2./2.5e+2)+t3.*t15.*(9.0./2.5e+2)+1.0,1.0,0.0,0.0,-2.0,0.0,1.0,2.0,0.0],[4,4]);
